{
 "cells": [
  {
   "cell_type": "markdown",
   "metadata": {},
   "source": [
    "<center>\n",
    "<img src=\"../../img/ods_stickers.jpg\">\n",
    "\n",
    "## [mlcourse.ai](https://mlcourse.ai) - Open Machine Learning Course\n",
    "    \n",
    "Authors: [Ilya Baryshnikov](https://www.linkedin.com/in/baryshnikov-ilya/), [Maxim Uvarov](https://www.linkedin.com/in/maxis42/), and [Yury Kashnitsky](https://www.linkedin.com/in/festline/). Translated and edited by [Inga Kaydanova](https://www.linkedin.com/in/inga-kaidanova-a92398b1/), [Egor Polusmak](https://www.linkedin.com/in/egor-polusmak/), [Anastasia Manokhina](https://www.linkedin.com/in/anastasiamanokhina/), and [Yuanyuan Pao](https://www.linkedin.com/in/yuanyuanpao/). All content is distributed under the [Creative Commons CC BY-NC-SA 4.0](https://creativecommons.org/licenses/by-nc-sa/4.0/) license."
   ]
  },
  {
   "cell_type": "markdown",
   "metadata": {
    "collapsed": true
   },
   "source": [
    "# <center>Assignment #2 (demo)\n",
    "## <center>Analyzing cardiovascular disease data \n",
    "    \n",
    "    \n",
    "**Same assignment as a [Kaggle Kernel](https://www.kaggle.com/kashnitsky/a2-demo-analyzing-cardiovascular-data) + [solution](https://www.kaggle.com/kashnitsky/a2-demo-analyzing-cardiovascular-data-solution).**"
   ]
  },
  {
   "cell_type": "markdown",
   "metadata": {},
   "source": [
    "In this assignment, you will answer questions about a dataset on cardiovascular disease. You do not need to download the data: it is already in the repository. There are some Tasks that will require you to write code. Complete them and then answer the questions in the [form](https://docs.google.com/forms/d/13cE_tSIb6hsScQvvWUJeu1MEHE5L6vnxQUbDYpXsf24).\n",
    "\n",
    "#### Problem\n",
    "\n",
    "Predict the presence or absence of cardiovascular disease (CVD) using the patient examination results.\n",
    "\n",
    "#### Data description\n",
    "\n",
    "There are 3 types of input features:\n",
    "\n",
    "- *Objective*: factual information;\n",
    "- *Examination*: results of medical examination;\n",
    "- *Subjective*: information given by the patient.\n",
    "\n",
    "| Feature | Variable Type | Variable      | Value Type |\n",
    "|---------|--------------|---------------|------------|\n",
    "| Age | Objective Feature | age | int (days) |\n",
    "| Height | Objective Feature | height | int (cm) |\n",
    "| Weight | Objective Feature | weight | float (kg) |\n",
    "| Gender | Objective Feature | gender | categorical code |\n",
    "| Systolic blood pressure | Examination Feature | ap_hi | int |\n",
    "| Diastolic blood pressure | Examination Feature | ap_lo | int |\n",
    "| Cholesterol | Examination Feature | cholesterol | 1: normal, 2: above normal, 3: well above normal |\n",
    "| Glucose | Examination Feature | gluc | 1: normal, 2: above normal, 3: well above normal |\n",
    "| Smoking | Subjective Feature | smoke | binary |\n",
    "| Alcohol intake | Subjective Feature | alco | binary |\n",
    "| Physical activity | Subjective Feature | active | binary |\n",
    "| Presence or absence of cardiovascular disease | Target Variable | cardio | binary |\n",
    "\n",
    "All of the dataset values were collected at the moment of medical examination."
   ]
  },
  {
   "cell_type": "markdown",
   "metadata": {},
   "source": [
    "Let's get to know our data by performing a preliminary data analysis.\n",
    "\n",
    "#  Part 1. Preliminary data analysis\n",
    "\n",
    "First, we will initialize the environment:"
   ]
  },
  {
   "cell_type": "code",
   "execution_count": 109,
   "metadata": {},
   "outputs": [],
   "source": [
    "# Import all required modules\n",
    "import pandas as pd\n",
    "import numpy as np\n",
    "\n",
    "# Disable warnings\n",
    "import warnings\n",
    "warnings.filterwarnings(\"ignore\")\n",
    "\n",
    "# Import plotting modules\n",
    "import seaborn as sns\n",
    "sns.set()\n",
    "\n",
    "%matplotlib notebook\n",
    "import matplotlib\n",
    "import matplotlib.pyplot as plt\n",
    "import matplotlib.ticker"
   ]
  },
  {
   "cell_type": "code",
   "execution_count": 137,
   "metadata": {},
   "outputs": [
    {
     "data": {
      "text/html": [
       "        <script type=\"text/javascript\">\n",
       "        window.PlotlyConfig = {MathJaxConfig: 'local'};\n",
       "        if (window.MathJax) {MathJax.Hub.Config({SVG: {font: \"STIX-Web\"}});}\n",
       "        if (typeof require !== 'undefined') {\n",
       "        require.undef(\"plotly\");\n",
       "        requirejs.config({\n",
       "            paths: {\n",
       "                'plotly': ['https://cdn.plot.ly/plotly-latest.min']\n",
       "            }\n",
       "        });\n",
       "        require(['plotly'], function(Plotly) {\n",
       "            window._Plotly = Plotly;\n",
       "        });\n",
       "        }\n",
       "        </script>\n",
       "        "
      ]
     },
     "metadata": {},
     "output_type": "display_data"
    },
    {
     "data": {
      "text/plain": [
       "['ggplot', 'pearl', 'solar', 'space', 'white', 'polar', 'henanigans']"
      ]
     },
     "execution_count": 137,
     "metadata": {},
     "output_type": "execute_result"
    }
   ],
   "source": [
    "import cufflinks as cf\n",
    "import plotly.offline\n",
    "cf.go_offline()\n",
    "cf.set_config_file(offline=False, world_readable=True, theme='space')\n",
    "\n",
    "cf.getThemes()"
   ]
  },
  {
   "cell_type": "markdown",
   "metadata": {},
   "source": [
    "You will use the `seaborn` library for visual analysis, so let's set that up too:"
   ]
  },
  {
   "cell_type": "code",
   "execution_count": 138,
   "metadata": {},
   "outputs": [],
   "source": [
    "# Tune the visual settings for figures in `seaborn`\n",
    "sns.set_context(\n",
    "    \"notebook\", \n",
    "    font_scale=1.5,       \n",
    "    rc={ \n",
    "        \"figure.figsize\": (11, 8), \n",
    "        \"axes.titlesize\": 18 \n",
    "    }\n",
    ")\n",
    "\n",
    "from matplotlib import rcParams\n",
    "rcParams['figure.figsize'] = 11, 8"
   ]
  },
  {
   "cell_type": "markdown",
   "metadata": {},
   "source": [
    "To make it simple, we will work only with the training part of the dataset:"
   ]
  },
  {
   "cell_type": "code",
   "execution_count": 139,
   "metadata": {},
   "outputs": [
    {
     "name": "stdout",
     "output_type": "stream",
     "text": [
      "Dataset size:  (70000, 12)\n"
     ]
    },
    {
     "data": {
      "text/html": [
       "<div>\n",
       "<style scoped>\n",
       "    .dataframe tbody tr th:only-of-type {\n",
       "        vertical-align: middle;\n",
       "    }\n",
       "\n",
       "    .dataframe tbody tr th {\n",
       "        vertical-align: top;\n",
       "    }\n",
       "\n",
       "    .dataframe thead th {\n",
       "        text-align: right;\n",
       "    }\n",
       "</style>\n",
       "<table border=\"1\" class=\"dataframe\">\n",
       "  <thead>\n",
       "    <tr style=\"text-align: right;\">\n",
       "      <th></th>\n",
       "      <th>age</th>\n",
       "      <th>gender</th>\n",
       "      <th>height</th>\n",
       "      <th>weight</th>\n",
       "      <th>ap_hi</th>\n",
       "      <th>ap_lo</th>\n",
       "      <th>cholesterol</th>\n",
       "      <th>gluc</th>\n",
       "      <th>smoke</th>\n",
       "      <th>alco</th>\n",
       "      <th>active</th>\n",
       "      <th>cardio</th>\n",
       "    </tr>\n",
       "    <tr>\n",
       "      <th>id</th>\n",
       "      <th></th>\n",
       "      <th></th>\n",
       "      <th></th>\n",
       "      <th></th>\n",
       "      <th></th>\n",
       "      <th></th>\n",
       "      <th></th>\n",
       "      <th></th>\n",
       "      <th></th>\n",
       "      <th></th>\n",
       "      <th></th>\n",
       "      <th></th>\n",
       "    </tr>\n",
       "  </thead>\n",
       "  <tbody>\n",
       "    <tr>\n",
       "      <th>0</th>\n",
       "      <td>18393</td>\n",
       "      <td>2</td>\n",
       "      <td>168</td>\n",
       "      <td>62.0</td>\n",
       "      <td>110</td>\n",
       "      <td>80</td>\n",
       "      <td>1</td>\n",
       "      <td>1</td>\n",
       "      <td>0</td>\n",
       "      <td>0</td>\n",
       "      <td>1</td>\n",
       "      <td>0</td>\n",
       "    </tr>\n",
       "    <tr>\n",
       "      <th>1</th>\n",
       "      <td>20228</td>\n",
       "      <td>1</td>\n",
       "      <td>156</td>\n",
       "      <td>85.0</td>\n",
       "      <td>140</td>\n",
       "      <td>90</td>\n",
       "      <td>3</td>\n",
       "      <td>1</td>\n",
       "      <td>0</td>\n",
       "      <td>0</td>\n",
       "      <td>1</td>\n",
       "      <td>1</td>\n",
       "    </tr>\n",
       "    <tr>\n",
       "      <th>2</th>\n",
       "      <td>18857</td>\n",
       "      <td>1</td>\n",
       "      <td>165</td>\n",
       "      <td>64.0</td>\n",
       "      <td>130</td>\n",
       "      <td>70</td>\n",
       "      <td>3</td>\n",
       "      <td>1</td>\n",
       "      <td>0</td>\n",
       "      <td>0</td>\n",
       "      <td>0</td>\n",
       "      <td>1</td>\n",
       "    </tr>\n",
       "    <tr>\n",
       "      <th>3</th>\n",
       "      <td>17623</td>\n",
       "      <td>2</td>\n",
       "      <td>169</td>\n",
       "      <td>82.0</td>\n",
       "      <td>150</td>\n",
       "      <td>100</td>\n",
       "      <td>1</td>\n",
       "      <td>1</td>\n",
       "      <td>0</td>\n",
       "      <td>0</td>\n",
       "      <td>1</td>\n",
       "      <td>1</td>\n",
       "    </tr>\n",
       "    <tr>\n",
       "      <th>4</th>\n",
       "      <td>17474</td>\n",
       "      <td>1</td>\n",
       "      <td>156</td>\n",
       "      <td>56.0</td>\n",
       "      <td>100</td>\n",
       "      <td>60</td>\n",
       "      <td>1</td>\n",
       "      <td>1</td>\n",
       "      <td>0</td>\n",
       "      <td>0</td>\n",
       "      <td>0</td>\n",
       "      <td>0</td>\n",
       "    </tr>\n",
       "  </tbody>\n",
       "</table>\n",
       "</div>"
      ],
      "text/plain": [
       "      age  gender  height  weight  ap_hi  ap_lo  cholesterol  gluc  smoke  \\\n",
       "id                                                                          \n",
       "0   18393       2     168    62.0    110     80            1     1      0   \n",
       "1   20228       1     156    85.0    140     90            3     1      0   \n",
       "2   18857       1     165    64.0    130     70            3     1      0   \n",
       "3   17623       2     169    82.0    150    100            1     1      0   \n",
       "4   17474       1     156    56.0    100     60            1     1      0   \n",
       "\n",
       "    alco  active  cardio  \n",
       "id                        \n",
       "0      0       1       0  \n",
       "1      0       1       1  \n",
       "2      0       0       1  \n",
       "3      0       1       1  \n",
       "4      0       0       0  "
      ]
     },
     "execution_count": 139,
     "metadata": {},
     "output_type": "execute_result"
    }
   ],
   "source": [
    "df = pd.read_csv('../../data/mlbootcamp5_train.csv', sep=';', index_col='id')\n",
    "print('Dataset size: ', df.shape)\n",
    "df.head()"
   ]
  },
  {
   "cell_type": "code",
   "execution_count": 140,
   "metadata": {},
   "outputs": [
    {
     "data": {
      "application/vnd.plotly.v1+json": {
       "config": {
        "linkText": "Export to plot.ly",
        "plotlyServerURL": "https://plot.ly",
        "showLink": true
       },
       "data": [
        {
         "colorscale": [
          [
           0,
           "rgb(255, 153, 51)"
          ],
          [
           0.1111111111111111,
           "rgb(55, 128, 191)"
          ],
          [
           0.2222222222222222,
           "rgb(50, 171, 96)"
          ],
          [
           0.3333333333333333,
           "rgb(128, 0, 128)"
          ],
          [
           0.4444444444444444,
           "rgb(219, 64, 82)"
          ],
          [
           0.5555555555555556,
           "rgb(0, 128, 128)"
          ],
          [
           0.6666666666666666,
           "rgb(255, 255, 51)"
          ],
          [
           0.7777777777777778,
           "rgb(128, 128, 0)"
          ],
          [
           0.8888888888888888,
           "rgb(251, 128, 114)"
          ],
          [
           1,
           "rgb(128, 177, 211)"
          ]
         ],
         "type": "heatmap",
         "x": [
          "age",
          "gender",
          "height",
          "weight",
          "ap_hi",
          "ap_lo",
          "cholesterol",
          "gluc",
          "smoke",
          "alco",
          "active",
          "cardio"
         ],
         "y": [
          "age",
          "gender",
          "height",
          "weight",
          "ap_hi",
          "ap_lo",
          "cholesterol",
          "gluc",
          "smoke",
          "alco",
          "active",
          "cardio"
         ],
         "z": [
          [
           1,
           -0.022810651720418545,
           -0.08151534915769473,
           0.053684043073726276,
           0.02076431932703915,
           0.017647434023930906,
           0.15442374182526977,
           0.09870277209756005,
           -0.04763280976430146,
           -0.029722866854063,
           -0.009927354367213146,
           0.23815922744232326
          ],
          [
           -0.022810651720418545,
           1,
           0.49903342844217485,
           0.15540564008999094,
           0.006005308571619736,
           0.015253971163314168,
           -0.03582141277703513,
           -0.020491035166513204,
           0.33813513635729253,
           0.17096642854794944,
           0.005865669226978778,
           0.00810949191312318
          ],
          [
           -0.08151534915769473,
           0.49903342844217485,
           1,
           0.2909678349915129,
           0.005487764158407502,
           0.006150467269639163,
           -0.050225951532724696,
           -0.018594670495630492,
           0.1879893994379371,
           0.09441869305074375,
           -0.006569547145635977,
           -0.010821058331006026
          ],
          [
           0.053684043073726276,
           0.15540564008999094,
           0.2909678349915129,
           1,
           0.030702208651591862,
           0.043709772643980245,
           0.14176790555389773,
           0.10685726474117306,
           0.06778046548890977,
           0.06711284122573279,
           -0.01686674614263624,
           0.1816595617986211
          ],
          [
           0.02076431932703915,
           0.006005308571619736,
           0.005487764158407502,
           0.030702208651591862,
           1,
           0.016085513403427346,
           0.023777921557728367,
           0.011840678012427367,
           -0.0009220248295486182,
           0.001408333447867856,
           -3.30024832343445e-05,
           0.05447505392688467
          ],
          [
           0.017647434023930906,
           0.015253971163314168,
           0.006150467269639163,
           0.043709772643980245,
           0.016085513403427346,
           1,
           0.024019290309611405,
           0.010805665500815608,
           0.0051861303835675655,
           0.010601240270452748,
           0.004780258150919352,
           0.06571869614919744
          ],
          [
           0.15442374182526977,
           -0.03582141277703513,
           -0.050225951532724696,
           0.14176790555389773,
           0.023777921557728367,
           0.024019290309611405,
           1,
           0.45157752367538934,
           0.010354415140987177,
           0.03576038557123233,
           0.009911297489836544,
           0.22114727391225067
          ],
          [
           0.09870277209756005,
           -0.020491035166513204,
           -0.018594670495630492,
           0.10685726474117306,
           0.011840678012427367,
           0.010805665500815608,
           0.45157752367538934,
           1,
           -0.004756483147562944,
           0.011245770627441684,
           -0.006769518191164335,
           0.08930688732435302
          ],
          [
           -0.04763280976430146,
           0.33813513635729253,
           0.1879893994379371,
           0.06778046548890977,
           -0.0009220248295486182,
           0.0051861303835675655,
           0.010354415140987177,
           -0.004756483147562944,
           1,
           0.340093767869963,
           0.02585796878179016,
           -0.015485935661373308
          ],
          [
           -0.029722866854063,
           0.17096642854794944,
           0.09441869305074375,
           0.06711284122573279,
           0.001408333447867856,
           0.010601240270452748,
           0.03576038557123233,
           0.011245770627441684,
           0.340093767869963,
           1,
           0.025475829204318717,
           -0.007330231723206605
          ],
          [
           -0.009927354367213146,
           0.005865669226978778,
           -0.006569547145635977,
           -0.01686674614263624,
           -3.30024832343445e-05,
           0.004780258150919352,
           0.009911297489836544,
           -0.006769518191164335,
           0.02585796878179016,
           0.025475829204318717,
           1,
           -0.03565324811518795
          ],
          [
           0.23815922744232326,
           0.00810949191312318,
           -0.010821058331006026,
           0.1816595617986211,
           0.05447505392688467,
           0.06571869614919744,
           0.22114727391225067,
           0.08930688732435302,
           -0.015485935661373308,
           -0.007330231723206605,
           -0.03565324811518795,
           1
          ]
         ],
         "zmax": 1,
         "zmin": -0.08151534915769473
        }
       ],
       "layout": {
        "legend": {
         "bgcolor": "#1A1A1C",
         "font": {
          "color": "#D9D9D9"
         }
        },
        "paper_bgcolor": "#1A1A1C",
        "plot_bgcolor": "#1A1A1C",
        "template": {
         "data": {
          "bar": [
           {
            "error_x": {
             "color": "#2a3f5f"
            },
            "error_y": {
             "color": "#2a3f5f"
            },
            "marker": {
             "line": {
              "color": "#E5ECF6",
              "width": 0.5
             }
            },
            "type": "bar"
           }
          ],
          "barpolar": [
           {
            "marker": {
             "line": {
              "color": "#E5ECF6",
              "width": 0.5
             }
            },
            "type": "barpolar"
           }
          ],
          "carpet": [
           {
            "aaxis": {
             "endlinecolor": "#2a3f5f",
             "gridcolor": "white",
             "linecolor": "white",
             "minorgridcolor": "white",
             "startlinecolor": "#2a3f5f"
            },
            "baxis": {
             "endlinecolor": "#2a3f5f",
             "gridcolor": "white",
             "linecolor": "white",
             "minorgridcolor": "white",
             "startlinecolor": "#2a3f5f"
            },
            "type": "carpet"
           }
          ],
          "choropleth": [
           {
            "colorbar": {
             "outlinewidth": 0,
             "ticks": ""
            },
            "type": "choropleth"
           }
          ],
          "contour": [
           {
            "colorbar": {
             "outlinewidth": 0,
             "ticks": ""
            },
            "colorscale": [
             [
              0,
              "#0d0887"
             ],
             [
              0.1111111111111111,
              "#46039f"
             ],
             [
              0.2222222222222222,
              "#7201a8"
             ],
             [
              0.3333333333333333,
              "#9c179e"
             ],
             [
              0.4444444444444444,
              "#bd3786"
             ],
             [
              0.5555555555555556,
              "#d8576b"
             ],
             [
              0.6666666666666666,
              "#ed7953"
             ],
             [
              0.7777777777777778,
              "#fb9f3a"
             ],
             [
              0.8888888888888888,
              "#fdca26"
             ],
             [
              1,
              "#f0f921"
             ]
            ],
            "type": "contour"
           }
          ],
          "contourcarpet": [
           {
            "colorbar": {
             "outlinewidth": 0,
             "ticks": ""
            },
            "type": "contourcarpet"
           }
          ],
          "heatmap": [
           {
            "colorbar": {
             "outlinewidth": 0,
             "ticks": ""
            },
            "colorscale": [
             [
              0,
              "#0d0887"
             ],
             [
              0.1111111111111111,
              "#46039f"
             ],
             [
              0.2222222222222222,
              "#7201a8"
             ],
             [
              0.3333333333333333,
              "#9c179e"
             ],
             [
              0.4444444444444444,
              "#bd3786"
             ],
             [
              0.5555555555555556,
              "#d8576b"
             ],
             [
              0.6666666666666666,
              "#ed7953"
             ],
             [
              0.7777777777777778,
              "#fb9f3a"
             ],
             [
              0.8888888888888888,
              "#fdca26"
             ],
             [
              1,
              "#f0f921"
             ]
            ],
            "type": "heatmap"
           }
          ],
          "heatmapgl": [
           {
            "colorbar": {
             "outlinewidth": 0,
             "ticks": ""
            },
            "colorscale": [
             [
              0,
              "#0d0887"
             ],
             [
              0.1111111111111111,
              "#46039f"
             ],
             [
              0.2222222222222222,
              "#7201a8"
             ],
             [
              0.3333333333333333,
              "#9c179e"
             ],
             [
              0.4444444444444444,
              "#bd3786"
             ],
             [
              0.5555555555555556,
              "#d8576b"
             ],
             [
              0.6666666666666666,
              "#ed7953"
             ],
             [
              0.7777777777777778,
              "#fb9f3a"
             ],
             [
              0.8888888888888888,
              "#fdca26"
             ],
             [
              1,
              "#f0f921"
             ]
            ],
            "type": "heatmapgl"
           }
          ],
          "histogram": [
           {
            "marker": {
             "colorbar": {
              "outlinewidth": 0,
              "ticks": ""
             }
            },
            "type": "histogram"
           }
          ],
          "histogram2d": [
           {
            "colorbar": {
             "outlinewidth": 0,
             "ticks": ""
            },
            "colorscale": [
             [
              0,
              "#0d0887"
             ],
             [
              0.1111111111111111,
              "#46039f"
             ],
             [
              0.2222222222222222,
              "#7201a8"
             ],
             [
              0.3333333333333333,
              "#9c179e"
             ],
             [
              0.4444444444444444,
              "#bd3786"
             ],
             [
              0.5555555555555556,
              "#d8576b"
             ],
             [
              0.6666666666666666,
              "#ed7953"
             ],
             [
              0.7777777777777778,
              "#fb9f3a"
             ],
             [
              0.8888888888888888,
              "#fdca26"
             ],
             [
              1,
              "#f0f921"
             ]
            ],
            "type": "histogram2d"
           }
          ],
          "histogram2dcontour": [
           {
            "colorbar": {
             "outlinewidth": 0,
             "ticks": ""
            },
            "colorscale": [
             [
              0,
              "#0d0887"
             ],
             [
              0.1111111111111111,
              "#46039f"
             ],
             [
              0.2222222222222222,
              "#7201a8"
             ],
             [
              0.3333333333333333,
              "#9c179e"
             ],
             [
              0.4444444444444444,
              "#bd3786"
             ],
             [
              0.5555555555555556,
              "#d8576b"
             ],
             [
              0.6666666666666666,
              "#ed7953"
             ],
             [
              0.7777777777777778,
              "#fb9f3a"
             ],
             [
              0.8888888888888888,
              "#fdca26"
             ],
             [
              1,
              "#f0f921"
             ]
            ],
            "type": "histogram2dcontour"
           }
          ],
          "mesh3d": [
           {
            "colorbar": {
             "outlinewidth": 0,
             "ticks": ""
            },
            "type": "mesh3d"
           }
          ],
          "parcoords": [
           {
            "line": {
             "colorbar": {
              "outlinewidth": 0,
              "ticks": ""
             }
            },
            "type": "parcoords"
           }
          ],
          "pie": [
           {
            "automargin": true,
            "type": "pie"
           }
          ],
          "scatter": [
           {
            "marker": {
             "colorbar": {
              "outlinewidth": 0,
              "ticks": ""
             }
            },
            "type": "scatter"
           }
          ],
          "scatter3d": [
           {
            "line": {
             "colorbar": {
              "outlinewidth": 0,
              "ticks": ""
             }
            },
            "marker": {
             "colorbar": {
              "outlinewidth": 0,
              "ticks": ""
             }
            },
            "type": "scatter3d"
           }
          ],
          "scattercarpet": [
           {
            "marker": {
             "colorbar": {
              "outlinewidth": 0,
              "ticks": ""
             }
            },
            "type": "scattercarpet"
           }
          ],
          "scattergeo": [
           {
            "marker": {
             "colorbar": {
              "outlinewidth": 0,
              "ticks": ""
             }
            },
            "type": "scattergeo"
           }
          ],
          "scattergl": [
           {
            "marker": {
             "colorbar": {
              "outlinewidth": 0,
              "ticks": ""
             }
            },
            "type": "scattergl"
           }
          ],
          "scattermapbox": [
           {
            "marker": {
             "colorbar": {
              "outlinewidth": 0,
              "ticks": ""
             }
            },
            "type": "scattermapbox"
           }
          ],
          "scatterpolar": [
           {
            "marker": {
             "colorbar": {
              "outlinewidth": 0,
              "ticks": ""
             }
            },
            "type": "scatterpolar"
           }
          ],
          "scatterpolargl": [
           {
            "marker": {
             "colorbar": {
              "outlinewidth": 0,
              "ticks": ""
             }
            },
            "type": "scatterpolargl"
           }
          ],
          "scatterternary": [
           {
            "marker": {
             "colorbar": {
              "outlinewidth": 0,
              "ticks": ""
             }
            },
            "type": "scatterternary"
           }
          ],
          "surface": [
           {
            "colorbar": {
             "outlinewidth": 0,
             "ticks": ""
            },
            "colorscale": [
             [
              0,
              "#0d0887"
             ],
             [
              0.1111111111111111,
              "#46039f"
             ],
             [
              0.2222222222222222,
              "#7201a8"
             ],
             [
              0.3333333333333333,
              "#9c179e"
             ],
             [
              0.4444444444444444,
              "#bd3786"
             ],
             [
              0.5555555555555556,
              "#d8576b"
             ],
             [
              0.6666666666666666,
              "#ed7953"
             ],
             [
              0.7777777777777778,
              "#fb9f3a"
             ],
             [
              0.8888888888888888,
              "#fdca26"
             ],
             [
              1,
              "#f0f921"
             ]
            ],
            "type": "surface"
           }
          ],
          "table": [
           {
            "cells": {
             "fill": {
              "color": "#EBF0F8"
             },
             "line": {
              "color": "white"
             }
            },
            "header": {
             "fill": {
              "color": "#C8D4E3"
             },
             "line": {
              "color": "white"
             }
            },
            "type": "table"
           }
          ]
         },
         "layout": {
          "annotationdefaults": {
           "arrowcolor": "#2a3f5f",
           "arrowhead": 0,
           "arrowwidth": 1
          },
          "coloraxis": {
           "colorbar": {
            "outlinewidth": 0,
            "ticks": ""
           }
          },
          "colorscale": {
           "diverging": [
            [
             0,
             "#8e0152"
            ],
            [
             0.1,
             "#c51b7d"
            ],
            [
             0.2,
             "#de77ae"
            ],
            [
             0.3,
             "#f1b6da"
            ],
            [
             0.4,
             "#fde0ef"
            ],
            [
             0.5,
             "#f7f7f7"
            ],
            [
             0.6,
             "#e6f5d0"
            ],
            [
             0.7,
             "#b8e186"
            ],
            [
             0.8,
             "#7fbc41"
            ],
            [
             0.9,
             "#4d9221"
            ],
            [
             1,
             "#276419"
            ]
           ],
           "sequential": [
            [
             0,
             "#0d0887"
            ],
            [
             0.1111111111111111,
             "#46039f"
            ],
            [
             0.2222222222222222,
             "#7201a8"
            ],
            [
             0.3333333333333333,
             "#9c179e"
            ],
            [
             0.4444444444444444,
             "#bd3786"
            ],
            [
             0.5555555555555556,
             "#d8576b"
            ],
            [
             0.6666666666666666,
             "#ed7953"
            ],
            [
             0.7777777777777778,
             "#fb9f3a"
            ],
            [
             0.8888888888888888,
             "#fdca26"
            ],
            [
             1,
             "#f0f921"
            ]
           ],
           "sequentialminus": [
            [
             0,
             "#0d0887"
            ],
            [
             0.1111111111111111,
             "#46039f"
            ],
            [
             0.2222222222222222,
             "#7201a8"
            ],
            [
             0.3333333333333333,
             "#9c179e"
            ],
            [
             0.4444444444444444,
             "#bd3786"
            ],
            [
             0.5555555555555556,
             "#d8576b"
            ],
            [
             0.6666666666666666,
             "#ed7953"
            ],
            [
             0.7777777777777778,
             "#fb9f3a"
            ],
            [
             0.8888888888888888,
             "#fdca26"
            ],
            [
             1,
             "#f0f921"
            ]
           ]
          },
          "colorway": [
           "#636efa",
           "#EF553B",
           "#00cc96",
           "#ab63fa",
           "#FFA15A",
           "#19d3f3",
           "#FF6692",
           "#B6E880",
           "#FF97FF",
           "#FECB52"
          ],
          "font": {
           "color": "#2a3f5f"
          },
          "geo": {
           "bgcolor": "white",
           "lakecolor": "white",
           "landcolor": "#E5ECF6",
           "showlakes": true,
           "showland": true,
           "subunitcolor": "white"
          },
          "hoverlabel": {
           "align": "left"
          },
          "hovermode": "closest",
          "mapbox": {
           "style": "light"
          },
          "paper_bgcolor": "white",
          "plot_bgcolor": "#E5ECF6",
          "polar": {
           "angularaxis": {
            "gridcolor": "white",
            "linecolor": "white",
            "ticks": ""
           },
           "bgcolor": "#E5ECF6",
           "radialaxis": {
            "gridcolor": "white",
            "linecolor": "white",
            "ticks": ""
           }
          },
          "scene": {
           "xaxis": {
            "backgroundcolor": "#E5ECF6",
            "gridcolor": "white",
            "gridwidth": 2,
            "linecolor": "white",
            "showbackground": true,
            "ticks": "",
            "zerolinecolor": "white"
           },
           "yaxis": {
            "backgroundcolor": "#E5ECF6",
            "gridcolor": "white",
            "gridwidth": 2,
            "linecolor": "white",
            "showbackground": true,
            "ticks": "",
            "zerolinecolor": "white"
           },
           "zaxis": {
            "backgroundcolor": "#E5ECF6",
            "gridcolor": "white",
            "gridwidth": 2,
            "linecolor": "white",
            "showbackground": true,
            "ticks": "",
            "zerolinecolor": "white"
           }
          },
          "shapedefaults": {
           "line": {
            "color": "#2a3f5f"
           }
          },
          "ternary": {
           "aaxis": {
            "gridcolor": "white",
            "linecolor": "white",
            "ticks": ""
           },
           "baxis": {
            "gridcolor": "white",
            "linecolor": "white",
            "ticks": ""
           },
           "bgcolor": "#E5ECF6",
           "caxis": {
            "gridcolor": "white",
            "linecolor": "white",
            "ticks": ""
           }
          },
          "title": {
           "x": 0.05
          },
          "xaxis": {
           "automargin": true,
           "gridcolor": "white",
           "linecolor": "white",
           "ticks": "",
           "title": {
            "standoff": 15
           },
           "zerolinecolor": "white",
           "zerolinewidth": 2
          },
          "yaxis": {
           "automargin": true,
           "gridcolor": "white",
           "linecolor": "white",
           "ticks": "",
           "title": {
            "standoff": 15
           },
           "zerolinecolor": "white",
           "zerolinewidth": 2
          }
         }
        },
        "title": {
         "font": {
          "color": "#D9D9D9"
         }
        },
        "xaxis": {
         "gridcolor": "#434343",
         "showgrid": true,
         "tickfont": {
          "color": "#C2C2C2"
         },
         "title": {
          "font": {
           "color": "#D9D9D9"
          },
          "text": ""
         },
         "zerolinecolor": "#666570"
        },
        "yaxis": {
         "gridcolor": "#434343",
         "showgrid": true,
         "tickfont": {
          "color": "#C2C2C2"
         },
         "title": {
          "font": {
           "color": "#D9D9D9"
          },
          "text": ""
         },
         "zerolinecolor": "#666570"
        }
       }
      },
      "text/html": [
       "<div>\n",
       "        \n",
       "        \n",
       "            <div id=\"aa44b5f3-a869-43b6-acea-55964954cd91\" class=\"plotly-graph-div\" style=\"height:525px; width:100%;\"></div>\n",
       "            <script type=\"text/javascript\">\n",
       "                require([\"plotly\"], function(Plotly) {\n",
       "                    window.PLOTLYENV=window.PLOTLYENV || {};\n",
       "                    window.PLOTLYENV.BASE_URL='https://plot.ly';\n",
       "                    \n",
       "                if (document.getElementById(\"aa44b5f3-a869-43b6-acea-55964954cd91\")) {\n",
       "                    Plotly.newPlot(\n",
       "                        'aa44b5f3-a869-43b6-acea-55964954cd91',\n",
